H1A1648 1959  1272
H1A1648 1960  2713  3230  2819  2538  1883   947   624   487   479  1090
H1A1648 1970  1267  1409  1172  1506  1232  1375  1518  1739  2490  2385
H1A1648 1980  2169  2171   926  1776   611  1061  1624  1467  1611  1559
H1A1648 1990  2498  1334   785  1047  1050   651   456   782   556   662
H1A1648 2000   273   443   899   571   315   479   584   426  1115  1327
H1A1648 2010  1153   704   831 -9999
H1B1703 1950  1044   613  1082   821   554   520   886   990   808   601
H1B1703 1960   427   556  1363   831  1570  1525   976  1616  2569  1679
H1B1703 1970  1218   877  1191   968  1499  1354   883   975   699   719
H1B1703 1980  1050  1079   853   717   765   520   986   642   429   725
H1B1703 1990  1335   701   362   387   567   284   274   309   736   347
H1B1703 2000   539   644   419   417  1427   966   608   399   680   849
H1B1703 2010   715   892   285 -9999
H1D1734 1961   878  3262  3152  2249  2032  2236  2303  1851  2188
H1D1734 1970  2151  2262  3166  2850  2838  2598  2711  2702  2468  2510
H1D1734 1980  2020  1992  1283  1136   820  1141  1499  1523  1652  1622
H1D1734 1990  1445  1399  1364  1396  1206  1512  1172  1306  1137  1242
H1D1734 2000   888   884   954   637   572   700   597   475   586   502
H1D1734 2010   608   537   507 -9999
H1D1761 1977  4951  5317   503
H1D1761 1980  4471  2894  4390  2721  4284  4913  4303  4020  2715  2740
H1D1761 1990  2959  5110  2063  1562   564  1149  3671   991   628   781
H1D1761 2000   388   573  1119  1352  2824   755   370   676   376  1462
H1D1761 2010  1840  1970   691 -9999
H6C1565 1985  2135  2676  3912  3777  2289
H6C1565 1990  2072  1383  2876  2369  1695  2185  2048  1258  2334  2490
H6C1565 2000  2079  2113  2183  1168   652   983  1334  2151  1975  1302
H6C1565 2010  2529  1937  2091 -9999
H8B1559 1906  1011   814  1243  1493
H8B1559 1910  1498  1457  1992  2300  2201  5199  2020  1965  2421  2536
H8B1559 1920  3158  3047  3670  1614  1534  3478  3664  3851  2785   371
H8B1559 1930   307   561   367   365   280   481   713   924  1145  1001
H8B1559 1940   873   443   746   781   405   787  1209  1759   892   793
H8B1559 1950   635   872   920   761  1206  2049  1046  1074  2304  1610
H8B1559 1960  1974   896  1064  1504  1464  1990  1285  1829  1796  1761
H8B1559 1970  1426  1567  1409  1620   995   824  1492  1080  1605  1486
H8B1559 1980  1394  2017  2348  1664  2223  1573  1622  1496  1250  1198
H8B1559 1990   727  1175  1560  1180  1578  1161   954   729   615   506
H8B1559 2000   644   753   602   371   346   275   312   191   194   175
H8B1559 2010   464   407   801 -9999
H6A1536 1953   370  3256  2766  4971  2002  1914  2082
H6A1536 1960  2932  2518  2617  2090  1986  2226  1627  1683  1588  1554
H6A1536 1970  1802  1733  1818  1860  1638  1646  1965  1792  1889  2197
H6A1536 1980  2184  1970   769   981   796   893  1477  1336  1707  1342
H6A1536 1990  1735  1421  1205  1180  1235  1370  1325  1307   987  1385
H6A1536 2000   914  1125  1639  1249  1124  1452  1326   754  1559  1747
H6A1536 2010  1545  1539  1505 -9999
H6A1532 1963  3472  3535  1961  1429  2439  2064  1854
H6A1532 1970  1826  3968  1897  1572  3115  1607   917   899  1277  2018
H6A1532 1980  2313  2645  2863  1789  1647  1272   978  1130   886  1168
H6A1532 1990   780  1464  2436  2108  2039  2009  2779  1410  2426  2460
H6A1532 2000  3409  1772  1826  2206  1882  1925  2243  1654  3901  1138
H6A1532 2010  3629  5264  2248 -9999
H6A1513 1931  1460   874   343   976  1039   813   970   716  1085
H6A1513 1940  1460  2964  4050  2058   868  1948   769  1561  3359  2789
H6A1513 1950  1914  2144   909  1825  5057  4823  4621  2705  1909   938
H6A1513 1960  1149  4188  2230  1339  2349  2791  1132  2299  2279  3678
H6A1513 1970  3046  2587  3263  3367  1695  2286   578  2753  1857  2175
H6A1513 1980  1179   909  1031  1351  2476  1912  2980  2774  2353  1425
H6A1513 1990  1843  2483  1235  1513  2700  1078  1749  1837  2185  1659
H6A1513 2000  1145  1292   692   982   781   390   873   932   702  1634
H6A1513 2010  1482  2108  2169 -9999
H6C1577 1951  3282  4308  4672  4290  4816  4151  2919  2669  2370
H6C1577 1960  2481  2945  2129  2406  2162  2474  2896  2629  2911  3125
H6C1577 1970  2563  2545  2370  1877  1921  2247  1896  2156  1956  2334
H6C1577 1980  2216  1135  1580  1300  1494  2484  1681  2411  2722  2518
H6C1577 1990  1826  2147  2043  2465  2287  1773  1980  2126  2577  1613
H6C1577 2000  2062  2668  2504  1723  1991  1903  2226  2385  2841  1912
H6C1577 2010  2552  2345  1545 -9999
