H6A1502 1950  3226  3574  1455  1199   870   906   897   956  1730  1520
H6A1502 1960  2226  2356  1852  2310  1930  1727  1200  1431  2080  1686
H6A1502 1970  2430  3379  2578  2027  2333  2281  2686  2768  2729  1800
H6A1502 1980  1772   763  1055   807   908  1386  1072   968   976   850
H6A1502 1990  1199  1150  1650  2039  1228  1290  1197   717  1227   581
H6A1502 2000  1066   950  1387   917  1084  1824  1513  2099  2066  1603
H6A1502 2010   744  2104  1940 -9999
H6D1616 1971  1625  3603  3072  5066  2944  1664  4147  3654  2053
H6D1616 1980  2196  3851  1357  1277  3237  4359  5829  4783  3340  4201
H6D1616 1990  3297  3361  2394  1050   977  2080  2512  2283  1385   908
H6D1616 2000  2623  2496  3945  1829  2346  2173  2406  3763  1937   841
H6D1616 2010  1136  2239  1375 -9999
S3A5356 1961    60   116  2184  1189  1132  1495   757  1127  1080
S3A5356 1970   918   956   546   433   261   344   294   343   244  1100
S3A5356 1980   573   844  2028  1085   716   698   736   604  1142  1037
S3A5356 1990  1035   864  1224   933   986  1149  1371  2243  1762  1584
S3A5356 2000  3352  1058  1066  1894  2335  1218  1555  1290   915   946
S3A5356 2010  1432   972  1225 -9999
H6B1548 1967  1186  3748  2155
H6B1548 1970  1365  2515  1726  1690  1630  2741  2563  2499  2395  1922
H6B1548 1980  1554  1535  2145  2500  2911  2949  3178  2608  2694   823
H6B1548 1990   997  1991  2051  2528  1808  1347   904  2267   841   920
H6B1548 2000   841   570   556   618  1048  1839   683   571   555   396
H6B1548 2010   618   600   650 -9999
H1A1644 1970  3286  3311  2136  2955  2818  2498  3148  2197  3261  2590
H1A1644 1980  2653  3064   798  3502  1860  2216  2172  3174  1857  1166
H1A1644 1990  1629  1857  1904  2015   539  1285  1491  1472  1910  1583
H1A1644 2000  2121  1566  1627  1106  1789   825  1491  1174  1475  1553
H1A1644 2010  1270  1078  1189 -9999
H1A1637 1975  2413  2365  3587  3128  2932
H1A1637 1980  5874  5294  4738  2186  1819  2830  1489  1159  1967  2788
H1A1637 1990  2999  2999  2126  2237  2773  1872  1698  2221  2296  1465
H1A1637 2000  2364  1408  1917  1269   793   333   302   998   539   682
H1A1637 2010  1111   414   348 -9999
H1D1751 1971  2550  4795  4059  1973   862  3031  3810  3153  3593
H1D1751 1980  3997  4352  4211  2233  3273  2274  2925  1180  2011  1784
H1D1751 1990  1423  2436  2643  1434  1137   682   635   890  2063  2060
H1D1751 2000  2047  1159  1745  2933  2756  1313  2232  2664  1107  1047
H1D1751 2010   793  1523  1523 -9999
H1C1716 1969    86
H1C1716 1970  3880  1999  1497  1518   839   779  1118  1547  1533  1915
H1C1716 1980  1720  1933  1894  2245  2216  1839  2046  1618  1618  2094
H1C1716 1990  2333  1536  1840  2031  2171  1507  1745  2021  1646  1650
H1C1716 2000  2269  1517  2583  1544   724   649  1564   937  2396  2668
H1C1716 2010  1093  1155  1979 -9999
B3D6162 1917   467  1215   707
B3D6162 1920   840   642  1072   883  1096  1035   838   488   817  1046
B3D6162 1930   992   698  1097  1898  1193  1619  1941  1163  1561  1402
B3D6162 1940  4151  1323   667   597   636   644  1006  1122   853   882
B3D6162 1950   677   762   840   808   791  2533  2031  2237  1904  1407
B3D6162 1960  1478   709   921   979   871   926   997  1060   967   870
B3D6162 1970   838   916   761   698   681  1054  1087   810   806   908
B3D6162 1980  1157  1234   997  1031  1124  1094  1348  1047  1364  1222
B3D6162 1990  1173  1095  1490  1601  1539  1171  1158  1316  1380   964
B3D6162 2000   548  1091   872  1026  1411   858  1540   498   435   663
B3D6162 2010   404   363   410 -9999
B3C6075 1948   625  1652
B3C6075 1950  1270  1194  1203  1474  1208  1401  1325  1383  1328   873
B3C6075 1960  1584   905  1409  1365  1889  1242  1579   820  1966   604
B3C6075 1970  1260  2207  1062  3205  1508  3235  2619  2977  2090  1539
B3C6075 1980  3503  1840   918  1000   665  1015   935  1392   966   822
B3C6075 1990  1061   444   682  1489  1126  1571  1172  1110  1160  1942
B3C6075 2000  1475   762  1173  2579  1553  1269  1035   823   489   566
B3C6075 2010   634   524   340 -9999
5527    1969  2150
5527    1970  2866  2284  1869  2218  1876  1802  1755  2013  1884  2061
5527    1980  2015  1779  1217  1216  1361  1172   998   952  1172  1346
5527    1990  1665  1537  1223  1016  1425  1534  1885  1540  1476   982
5527    2000  1158   842  1143  1046  1190  1076  1140   905   742   920
5527    2010   841   881   798 -9999
5522    1962   398  4192  3699  2928  2356  2854  2951  2460
5522    1970  1365  1157  2301  1396  1189  1267  1016  1174  1127   729
5522    1980  1091  1631   871  1491  1663   904   444   270   317   524
5522    1990  1078   952   523  1158  1524  1269  1746  1428   444   475
5522    2000  1553   969  1966  1745   523   767   948   817   358   449
5522    2010   278   822  1977 -9999
H6A1517 1958  1675  2954
H6A1517 1960  1994  2318  1015  1179  1007   717  1068  2260  3449  2611
H6A1517 1970  1748  4114  3641   951  2126  2745  1952  1286  1373  1110
H6A1517 1980  1364  2536  2664   998   952  1412  2396   506  1126  1221
H6A1517 1990   806  1317  1047   682  2328  1683  1443  2395  2592  1903
H6A1517 2000  1791  1506   508  1777  2602  1792   794   889  1824  1507
H6A1517 2010  1755  1523   603 -9999
H6B1541 1953   765  2288  2147  2334  2153  2277  2402
H6B1541 1960  2623  2566  2398  2955  3257  3343  3772  3500  2801  1886
H6B1541 1970  2269  3142  3573  2776  2526  1230  2936  2552  2555  2997
H6B1541 1980  1775  1463  2936  2387  4205  1581  2418  1684  2059  2451
H6B1541 1990  1888  1805  1317  1533  1091   998  1550  1407  1639  1404
H6B1541 2000  1247   888   918   563   845   723   862   874   881   973
H6B1541 2010   881   571   606 -9999
