H1C1710 1918   888  2500
H1C1710 1920  2036  2041  2228  2641  2329  2189  2104  1703  2496  1718
H1C1710 1930  1796  1695  1268  1428  1326   963  1420  1669  1267  1595
H1C1710 1940  1370  1400  1166  1922  1690  1572  2394  3557  3715  3297
H1C1710 1950  3290  3710  4752  2841  2901  3161  3373  2856   602   216
H1C1710 1960   504   383   201   105   416  1090   700   501   908  1848
H1C1710 1970  6291  1747  1857  1554  2044  1347  1508  1252  2445  2427
H1C1710 1980  1695  1995  1912   709  1899  2296  3114  3372  2599  2219
H1C1710 1990  2963  2938  2259  2397  2218  2993  2315  2146  1843  1862
H1C1710 2000  1713  2760  2886  2857  1842  2125  2819  2491  1907  2156
H1C1710 2010  1993  2864  2857 -9999
H6B1540 1909   112
H6B1540 1910  1983  2005  2744  2373  1815  1576  1693  1444  1597  1561
H6B1540 1920  1558  2503  1297  1733  2688  1682  1410  1166  1141  1586
H6B1540 1930  1283  1223  1090  2588  1284  1909  2089   959   889  1408
H6B1540 1940  1488  2967  1400  1525  2363  2001  2088  1553  1056   970
H6B1540 1950  1265  1148   970  1314  1658  2984  4385  1811  2669  1612
H6B1540 1960  1651  1483  1394  1080  1027  5516  6205  1998  2145  2425
H6B1540 1970  1991  3458   447  1334  1138  1785  3217  2973  1574  1720
H6B1540 1980  3640  4994  2978  3366  3916  1757   997  2747  2075  2498
H6B1540 1990  1768  2853  1716  2108  1827  2184  1544  3927  3128  3308
H6B1540 2000  3818  1205  2018  1721  1729  1401   830   971   899   921
H6B1540 2010  1469  1244  1550 -9999
