H1D1760 1956  2573  1087  1185  1003
H1D1760 1960   954   891   954   605   893  2041  1639  2864  2993  1461
H1D1760 1970  1200  1678  2784  3156  1563  1659  1460  1222   932   859
H1D1760 1980  2107  2000   920  1031   693   834  1310   979   923   814
H1D1760 1990  1290  1392  1792  1616  1847  1146  1128  1462  1558  1186
H1D1760 2000  1002   799  1665  1053  1072  2227  1866  3222  2944  2408
H1D1760 2010  1084   648   533 -9999
H6C1575 1959  1147
H6C1575 1960  3660  1469  3026  2329  2265  2101  2036  1588  1933  2220
H6C1575 1970  1766  2409  1536  1082  2476  1077  1824  1932  1381   739
H6C1575 1980  1066   776  1438  1867   658  1359  1054   767  1332  1144
H6C1575 1990   876  1103   982  1658   877  1338   982  1010   766   908
H6C1575 2000   869   469   464   574  1109   776  2581   549   438   603
H6C1575 2010   671   960  1139 -9999
