5058    1947   870  1789  2070
5058    1950  1506  1024   506  1132  1203   983   476   740   961   943
5058    1960   850   912   600   934  1044  1508  1005  1561   734  1057
5058    1970   775  1073  1031   729   603   723   442   330   522   554
5058    1980   601   445   392   345   362   697  1138   633  1006   550
5058    1990   524   464   922  1330   797   293   331   403   393   393
5058    2000   237   282   248   157   125   127   300   201   204   266
5058    2010   390   307   681 -9999
5594    1910   393   652   555   460   383   475   679   508   368   473
5594    1920   444   458   398   394   400   352   326   369   348   317
5594    1930   250   208   222   270   190   316   387   471   460   381
5594    1940   425   367   427   383   566   920   613   350   519   396
5594    1950   287  2003  1947  1136  1146   772   909   852   687   785
5594    1960   677   635   673   665  1130  1496   585   445   671  1332
5594    1970   930  1824   920  1698  1037   485  3014   664   538   512
5594    1980   374   541   638   743  1007   457  1012   441   837   800
5594    1990   428   585   589   647   963  1151  1269  1188  1193   966
5594    2000   961  1047  1693  1252   887  1050  1186  1115   999   918
5594    2010   920   860 -9999
B8A5852 1972   164  2365  3832  1505  1841  2128  2031  2173
B8A5852 1980  1398  1120  1359  1289   943   830   849   557   622   907
B8A5852 1990  1040   929   860   829   870  2122  2282  1568  2088  2150
B8A5852 2000  1650  2207  2466  2232  2364  1874  1059  1619   650   816
B8A5852 2010  1085   612   584 -9999
B8A5862 1959  1065
B8A5862 1960   488   564  1032   713   855  1111  1785  1748  2270  1649
B8A5862 1970   618   666   873  1143  2163  2179  2120  2473  1207  1634
B8A5862 1980  3169  2967  2299  2507  2721  2633  2587  1666  1761  1904
B8A5862 1990  1697  1365  1435  1205  1171   889   904   651   857   776
B8A5862 2000   983   869   936  2013  3208  3290  3393  2906  2396  2312
B8A5862 2010  2158  2501  2205 -9999
5048    1947  1001   537  1281
5048    1950   632   884   709   398   444   561   727   707   844  1471
5048    1960  1113  1868   760  1331  1142  1196  1388  1713  1523  1145
5048    1970  1204   888   951  1303  1208  1105   921   697   696   697
5048    1980   581  1049  1306  1686  1443  1335  1444  1552  1364  1650
5048    1990  1741  1864  1589  1579  2238  1966  1635  2198  1668  1696
5048    2000  1826  2364   813  2040  1849  1421  1595  1007  1448  1578
5048    2010  1368   822  1757 -9999
5056    1955  1525  3248  1589  1434  1215
5056    1960  1142  1770  1380  1247  1138  1255  1041  1154  1206  1016
5056    1970   631   844  1011   684   569   482   561   865   525  1219
5056    1980  2041  3894  3608  2671  1903  1982  2863  2525  2919  3510
5056    1990  2223  2566  1498  1852  1030  1446  1395  1745   793   475
5056    2000   604   635  1272  1394  1553  1462  1891  2379  1172   475
5056    2010   506  1170  1200 -9999
5054    1960  1964  3444  1303  1372  1126  1649  1449  1341  1518  3489
5054    1970  3243   912   857   447  1200   473   724   482  1989  1958
5054    1980  2569   698  1158  1547  2899  2013  2035  3345  2708  1966
5054    1990  3202  4720  2603  1683  3442  4855  1317  2917  2876  2909
5054    2000  3416  4733  2360  2633  2988  2444  1046  2649  2172  5311
5054    2010  4342  1348  1202 -9999
5053    1941  1302  2160  1289  2013  1485  1725  1547  1458  1490
5053    1950  1900  1680  1197  1017  1108  1357  1332  1674  1902  1840
5053    1960  2346  2504  2253  1554  1846  1934  1521  1869  1907  1841
5053    1970  1842  2028  1803  1808  1747  2476  2244  2062  1997  1714
5053    1980  1051  1779  1354  1113  1308  1444  1271  2338  2212  2189
5053    1990  1156   904  1266  1335  1809  2489  1788  2603  1876  1266
5053    2000  1682  1741  1614  1617  1652  1365   635   602   683   875
5053    2010   982   856   761 -9999
B8A5844 1887     0  1022   850
B8A5844 1890  1256   533   437   474   538   795   822  1111  1303   897
B8A5844 1900  1001  1111   411   380   888  1020   758   539   446   413
B8A5844 1910   428   586   474   510   379   365   194   160   280   347
B8A5844 1920   635   315   427   272   363   366   503   553   582   689
B8A5844 1930   765   905   711  1414  1844  2162  1583  1221  1332  1708
B8A5844 1940  1749  1771  1084  1012   537   413   556   794   934   778
B8A5844 1950   808  1304  1233  1170   937  1464  1888  2370  1570  1815
B8A5844 1960  1185  1059  1219   915  1168  1264   644   886   856   795
B8A5844 1970   666   840  1220   858  1283   979  1125   795  1207  2665
B8A5844 1980  2263  2875  2965  2283  3414  2187  2302  3508  2577  1524
B8A5844 1990  1852  1224   867  1884  1680  1046  2363   762  1728  1746
B8A5844 2000  2554  1776  1063  1670  2632  1441  2044   950  1299   904
B8A5844 2010   904   889  1647 -9999
B8A5867 1947   465  1168  1687
B8A5867 1950  1616  1738  2074  1820  2209  2090  1406  2473  2514  1840
B8A5867 1960  1984  2449  2148  2633  3578  4375  3554  4093  3476  3258
B8A5867 1970  2821  2990  3058  3459  3205  3783  4624  4124  4573  4301
B8A5867 1980  3460  3434  4223  3690  3142  2859  2346  2466  2636  1798
B8A5867 1990  2079  1937  1811  1861  1807  2075  2066   918   968   574
B8A5867 2000   607   837   880  1350  1411  1914  1947  1788  1808  1660
B8A5867 2010  1605  2347  1190 -9999
