1698    1930   644  2191  2434  1048  1483  1745  1652  1611  1949  2321
1698    1940  2006  1846  1664  1259  1260  1489  1833  1650  2098  1459
1698    1950  1684  2090  2020  2577  2608  1827  1771  1214  1830  1820
1698    1960  2056  1730  2072  2094  1338  1230  1283  1439  1788  2002
1698    1970  1695  1515  2092  1922  1426  2189  1766  1521  1987  1664
1698    1980  1991  2251  1839  1776  1897  1336  1454  1439  1485  1594
1698    1990   781  1014  1000   784   507   876  1018   856  1012   916
1698    2000  1042   877   717   505   655   823   309   379   341   691
1698    2010   557   496   656 -9999
1736    1971    92  3044  4136  2726  2966  3524  3251  3959  3641
1736    1980  3331  1699   822  1455  1613  2587  3100  2760  3617  3118
1736    1990  4039  3673  3712  3648  4133  3449  3052  2630  2695  2476
1736    2000  1744  1939  3985  3450  3143  4243  4604  3653  4894  5608
1736    2010  6212  4823  3206 -9999
