S5A5283 1964   173  2081  2624  2589  1688   888
S5A5283 1970  1054   590  2672   996  1441  1268  1605  1882  2826  2047
S5A5283 1980  1508   649  1877  1645  2474  1940  1169  3837  2879  1368
S5A5283 1990  4009  3387  3091  2750  2372  2752  2216  1872  1543  2349
S5A5283 2000  1948  1445  1666  1138  1595   996   510   697   823   508
S5A5283 2010   396   412   412 -9999
S5D5309 1950   136  1917  2453  1760  2419  2972   679   880  1738   853
S5D5309 1960   631   808   830   863   638   981   522  1328   969  1428
S5D5309 1970  1925  1507   968  3427  2421   889  1765  1162   498   756
S5D5309 1980   623   841  2164  1042   887   836  1320  1341   779   764
S5D5309 1990  1596  1334  1267  2504  1292  2164  1555  3157  2634  1046
S5D5309 2000  2592  1171  2271  1711  2410  1688  1565  1780  1427  1745
S5D5309 2010  1902  1324  3204 -9999
