H6B1555 1944  3152  1589  1610  1429  1992  1677
H6B1555 1950  1613  1583  1224  1178  1275  1211  1076  1355  1531  1499
H6B1555 1960  1501  1301  1444  1217  1563   952   668  1488  1845  1793
H6B1555 1970   934  2138  2221  1475  1954  1046   901  2372  2349  2522
H6B1555 1980  3171  3216  2552  2273  1737  1470  1737  1506  1775  1484
H6B1555 1990  1739  1240  1385  1432  1590  1068  1072   757   516   910
H6B1555 2000   515   547   564   670   517  1122   995  1094  1053   749
H6B1555 2010  1560  1634  1133 -9999
H1D1750 1941   519  3931  2643  1966   748  1101  1455  1343   710
H1D1750 1950   981  1366  1342  1989   839   758  1275  1424  1001  1653
H1D1750 1960   822  1492  1380  3067  1920  1949   763  1920   791  1124
H1D1750 1970   918  1016   616   920  1236  1295  2403  2673   936  1491
H1D1750 1980  1936  1365   967  1063  1333   968   603  1950  1650  1138
H1D1750 1990  1470  1646  1801  1531  1996  1424  1220  1345   460   570
H1D1750 2000   762   413  1380   794   603   966   662   614   786   833
H1D1750 2010   502   741   793 -9999
