H6B1550 1969  1015
H6B1550 1970   956   616   689   950   936   927  1197   864  1449  1544
H6B1550 1980  1382  1662  2063  2553  2232  1775  1862  1601  1913  1451
H6B1550 1990  1969  1430  1291  2129  2198  1774  1514  1580  1734  1769
H6B1550 2000  2423  1894  2297  1816  2150  1712  1641  1499  1477  2920
H6B1550 2010   912  1654  2397 -9999
H6A1535 1959   568
H6A1535 1960   902  1280  1250  1593  1290  1361  1353  1351  1331  1474
H6A1535 1970  1390  1449  1756  2038  2565  1939  1618  2565  3243  2299
H6A1535 1980  1810  1396  1625  1531  2326  1499  1848  1848  1754  2869
H6A1535 1990  3009  3632  2360  2405  2576  2500  2040  1928  2047  2436
H6A1535 2000  1924  2289  1916  2087  1159  1414  1608  1901  1451  1767
H6A1535 2010  1733  1840  1766 -9999
H8B0557 1968  1680  5710
H8B0557 1970  4047  3771  3997  3990  2885  3302  3230  3105  3080  1776
H8B0557 1980  1198   443   412   251   350   855  1267   981   533   598
H8B0557 1990   291   185   443   412   666   380   921   669   603   667
H8B0557 2000   760   661   353   561   385   380   284   378   474   476
H8B0557 2010   311   475   471 -9999
H6D1622 1972   946   542  1355  1964  1841  1836  1359   759
H6D1622 1980   598   475   476   346   698  1394  1872   634   480   662
H6D1622 1990   571   819   636   288   311   475   445  1202  1716  2249
H6D1622 2000  1679  3111  4055  4154  1810   601   667   730  1173   953
H6D1622 2010   698   601   858 -9999
S6C5325 1987  6132  7016  6244
S6C5325 1990  5077  6544  4692  1740  1997  1778  3425  2475  1618  3004
S6C5325 2000  2053  2555  2666  1650  1422  1360   698  1014   635  1716
S6C5325 2010   571   277   256 -9999
S6A5273 1986   520  3026  2293  2501
S6A5273 1990  3212  3419  3807  3060  4489  3848  3538  3646  3224  3013
S6A5273 2000  3699  2441  3284  4000  2889  3504  2649  2270  1823  1523
S6A5273 2010  2633  2030  1611 -9999
B6B8582 1921   337  1859  1129   815   749   220   414   508   458
B6B8582 1930   902   957   841   458   536   360   537   503   418   588
B6B8582 1940   714  1146   844   781  1087  1056  1355   438   696   650
B6B8582 1950   739   479   581   321   548   532   896   877  1662  1820
B6B8582 1960  1681  1793  1056  1014  1161   901  1294   856   983  1125
B6B8582 1970  1903  1112   727   524   729   808   682   397   413   397
B6B8582 1980   428   333   397   332   381   316   318   317   381   396
B6B8582 1990   412   300   284   285   223   236   253   221   371   235
B6B8582 2000   235   204   108   130   104   142   246   155    76   241
B6B8582 2010   101   175   175 -9999
B6D8597 1946   585  2176   641  1065
B6D8597 1950   658  1022   674  1230  1757  1167  1118   885  1080   245
B6D8597 1960   465   762   690   693   807   741   920  1527  1377  1416
B6D8597 1970  1329  1306  1458  1745  1349  1402  1387  1062   997   960
B6D8597 1980   670  1241  1300  1126  1124  1277   963   825  1022   925
B6D8597 1990   867   708   803   530   665   797  1178  1010  1007   898
B6D8597 2000   749   795   864   756   927  1119  1170  1133   743   937
B6D8597 2010  1422  1149  1230 -9999
B6A8518 1943   205  2063   752   858   965  1049  1117
B6A8518 1950  1356  1641  1915  1930  1496  1555  1533  1082  1290   787
B6A8518 1960   741   986  1109   906  1218   821  1031  1171   943   713
B6A8518 1970   840  1167   427   802  1080  1390  1437  1664  1444  1365
B6A8518 1980   777  1094  1094  1032  1156  1364  1050  1744  1936  1160
B6A8518 1990  1238  1627  1445   693   686  1061   670   773  1224  1457
B6A8518 2000  1144   791   815   664  1108  1284   810  1663   974   917
B6A8518 2010   396   388   637 -9999
B6B8569 1917   212   958   519
B6B8569 1920   378   382   428   391   289   646   430   501   398   317
B6B8569 1930   408   296   390   373   386   364   417   477   572   374
B6B8569 1940   464   620   828   473  1040   807   917   963  1072  1013
B6B8569 1950  1388   928   790   871   806   990   980  2534  2310  2465
B6B8569 1960  2928  3147  1770  1874  1341  1248  1652  1939  1366  1039
B6B8569 1970   906  1149  1370  2009  1422  1278  1039   920   931   808
B6B8569 1980   691   743   358   458   407   482   304   412   412   445
B6B8569 1990   473   399   602   698   837   737   808   838   765   814
B6B8569 2000   497   738   564   371   406   603   373   434   402   354
B6B8569 2010   496   311   394 -9999
5516    1947   181  5068  3127
5516    1950  2857  3260  3407  3839  2381  1673  2275  2757  2628  2202
5516    1960  1773  2503  1835  2112  1641  1325  1347   999  1039   703
5516    1970   691   712   708   638   645   757   946   660   793   669
5516    1980   451   786   566   552   585   708   891   625   664   989
5516    1990  1127  1059  1060  1145   802   820  1054   887   877   790
5516    2000  1126   758  1022   707   756   530   705   667   563   501
5516    2010   567   710   768 -9999
H1D1748 1964   363  1355  1545  2144  2394  2531
H1D1748 1970  2876  2873  3516  2047  2389  3052  2667  3081  2192  2525
H1D1748 1980  2514  1975  1190  1357  1035  1192  1352  1291  1532  1263
H1D1748 1990  1175  1117  1137   993  1153  1515  1332   787   897   805
H1D1748 2000   705   672   853  1056   775   930   919   548   738   893
H1D1748 2010   604   447   294 -9999
5530    1968    39  1978
5530    1970  2065  2631  3827  3255  2277  1138  2175  1789  1924  1758
5530    1980  1252  1320  2371  2250  1487   792   538   587   399  1296
5530    1990  2649  1793  1331   747  1093   620   349   362  1208  1538
5530    2000  1510   411   493   100   119   429   492  1516   566  1456
5530    2010  1060   585  1367 -9999
H6A1526 1943  1185   825  3089   989  1056  2177  1781
H6A1526 1950   858  1351  1495  1108   929  1102  1253   737   834  1016
H6A1526 1960  1031  1839  1702  1126  1142  1170   778   981   714   791
H6A1526 1970   809   824   839   776   853  1010   866   903   840   745
H6A1526 1980   730   460   778   746   666   745   568   629   632   633
H6A1526 1990   333   460   586   334   648   632   491   475   532   592
H6A1526 2000   469   375   203   298   409   206   452   379   380   605
H6A1526 2010   471   565   443 -9999
