B6A8539 1888   610  1463
B6A8539 1890   863  2162  3827  1153  1365   857   936  1062   729  1043
B6A8539 1900   804   869   709   348   236   284   427   299   316   174
B6A8539 1910   127   158   127   142   111   221   285   206    98   298
B6A8539 1920   158   158   237   300   633  1220  1457  1474  1667  1539
B6A8539 1930  1206  1000  1079   920   936  1032   984  1095  1253  1333
B6A8539 1940  1983  1776  1984  1679  1015  1334   936   793   428   603
B6A8539 1950   555   492   461   698   682   666   713   882   918   888
B6A8539 1960   633  1552  1253  1301  1016   983   967  1456  1235   999
B6A8539 1970  1297  1424  1396  2206  1506  1396  1016   904   698   762
B6A8539 1980   539   714   745   904  1015  1158   793   791   885   850
B6A8539 1990  1020   804   755  1030   960  1001  1033  1085  1059   884
B6A8539 2000  1006   915   868   660   866  1138  1089  1183  1060  1047
B6A8539 2010  1489  1032  1365 -9999
V6B8568 1895   374  3054  2623  1727  2158
V6B8568 1900   689  1571  2947  2500  2492  1870  1878  1601  1514   682
V6B8568 1910   409  1085  1319  1064  1057   898  1372   834   775  1024
V6B8568 1920   650   837   903   586   760   442   852  1108   915  1126
V6B8568 1930  1186   600   476   569   269   693   565  1078   746   744
V6B8568 1940   601   743   633   642   516   666   506   429   619   461
V6B8568 1950   318   221   256   204   222   326   198   347   554   508
V6B8568 1960   761   905   968  1585  1729  2207  1824  1825  1333   922
V6B8568 1970  1047  1173   914   538   938   238   488   778   727   711
V6B8568 1980   947   536   588   538   603   457   413   424   473   554
V6B8568 1990   554   539   468   481   580   521   538   807   491   483
V6B8568 2000   245   465   308   333   183   261   300   332   253   595
V6B8568 2010   471   918   691 -9999
