B6D8610 1964   945   975   753  1367   701  1031
B6D8610 1970   997   836   912   776  1141  1031   792   616   253   600
B6D8610 1980   268   453   348   375   220   159   174   162   173    86
B6D8610 1990   202   357   104   134   141   176   190   198   294   183
B6D8610 2000   341   596   419   499   310   325   317   238   364   324
B6D8610 2010   302   158   238 -9999
B6A8533 1927   275  3359  2534
B6A8533 1930  2247  1680  2682  2438  2171  1780  1825  1269   966  1143
B6A8533 1940  1095  1568  1455  1678  1914  1634  1381  1158   570  1348
B6A8533 1950  1173   651   856   984   649   461   826   997  1030  1036
B6A8533 1960  1070   996   883   851  1067  1226  1153  1130   500   588
B6A8533 1970   385   509   762   646   809   583   870   729  1046   872
B6A8533 1980   907   630   721   485   407   316   271   328   301   317
B6A8533 1990   395   447   309   384   590   484   457   401   498   409
B6A8533 2000   435   512   476   481   500   284   312   188   253   393
B6A8533 2010   347   267   348 -9999
5537    1941    17   901  1015  1151  1521  1601  1547  1185   777
5537    1950  1189  1305  1503  1159   538   571   459   286   744   474
5537    1960   552  1054  1596  1022  1758   981  1549  1020  2830  2064
5537    1970  1370  1180  1435  2205  2343  1527  2202  2063  1017  1853
5537    1980  1144   649   871   777  1019   856   618   728  1269   857
5537    1990  1889  1415   885   348   571   842  1048  1565  1602  1353
5537    2000  1029  1626  1444  1012  2011   981  1157   550   253   570
5537    2010   396   666   537 -9999
5543    1947  1267  2838  2417
5543    1950  1755  1173   602  1078  1138   857  1269  1585   976  1045
5543    1960   537   633  1047   728  1778  2204  2036   778  1868  1359
5543    1970  3763   570  3393  2751  1361  1364  1205  1651   888  1646
5543    1980   442   730   761   365   381   603  1251  2079  1682   333
5543    1990   539   635   475   952   841   841   285   460   491  1333
5543    2000  1663  3192  1885   474  1579   473   798   452   298   345
5543    2010   377  1209  1286 -9999
B8C5998 1970   581  2501  2016  1041   614  1253   885  1955  1447  2004
B8C5998 1980  1848  1825  1078   946  1447  2473  2838  2409  2807  2600
B8C5998 1990  2252  2139  3026  2393  1963  1569  1329   817  2204   952
B8C5998 2000  1309  2744  2094  2396  2725   493  1996  1127  3278  1933
B8C5998 2010  1856  2915   873 -9999
B3C6072 1956  1406   613   532  1369
B3C6072 1960  1010  1741  1825  2030  1997  1808  1682  1254  1538  1349
B3C6072 1970  2632  1491   508   952  1093  1015   650   888   476   555
B3C6072 1980   317   412   444   286   841   618   743   443  1158  1190
B3C6072 1990  1142  1946   937   859  1156  2299  1338  1840  1536  2036
B3C6072 2000   975  1299  1047   666  1142  1236  1016  1507  1095   936
B3C6072 2010   981  1221  1564 -9999
H6C1570 1972  1784  1143  2091  1494   884  1422  1567   911
H6C1570 1980  1047   983   984  1270  2095  1809  2060  2646  3257  3355
H6C1570 1990  2675  2406  2087  1795  2585  3761  3861  4155  2693  5168
H6C1570 2000   665  1391  2444  1137  1585  1543  3395  2688  1109  1522
H6C1570 2010  1810  1947  1301 -9999
H6A1508 1948  1987  1792
H6A1508 1950  1620   956  1669   827   813  2375  2394  1934  1474  2457
H6A1508 1960  2094  1663   984  1158  1490  1652   982  1412  1063   839
H6A1508 1970   477   571   540   697   857   728   681   682  1491  1247
H6A1508 1980  1427  1205  3804   596   895   563   709   754   555   714
H6A1508 1990   898   951   397   380   316   539   492   523   538   460
H6A1508 2000   460   191   444   444   303   206   396   253   396   698
H6A1508 2010   317   410   313 -9999
B3A6029 1963   203   993  2165   784  1767  1659   944
B3A6029 1970  1296  1608  1853  1838  1388  1258  1220  1055  1171   783
B3A6029 1980   785  1119  1346   859  1349   923  1336  1600  2083  1872
B3A6029 1990  1540  1214  1623  1343  1406  1180  1776  1460  1761  1945
B3A6029 2000  1604  2483  1574  1140  1694  1266  2030  1674  1967   587
B3A6029 2010   696   840  1424 -9999
B3C6078 1958   408  1687
B3C6078 1960  2411  1583  1467  1291  1076  1032  1600  1466   820   891
B3C6078 1970   797  1093  1024   793   618  1013   831   841   832   938
B3C6078 1980   972   931  1247  1406  1055  1549  1519  1544  1660  1484
B3C6078 1990  1442  1543  1730  1680  1445  1263  1173  1523  1237  1512
B3C6078 2000  1478  1634  2012  1557   981  1522  1904  1904  2313  1683
B3C6078 2010  1840  1901  1457 -9999
B3C6C83 1908  1209  1428
B3C6C83 1910  1082  1002   669  1413  1017   936  1498  1594   952   999
B3C6C83 1920   448   813   614   766   529   522   940   729   855  1709
B3C6C83 1930  2039  1994  1421   765   855   496   616  1252  3497  1681
B3C6C83 1940  1167   742   982  1091  1230   760  1057  1030   871   680
B3C6C83 1950  1152   835  1042  1381  1079  1028   711   713   286   713
B3C6C83 1960   475   505   839   888   872   982   950   979   977   519
B3C6C83 1970   599   681   520   457   426   428   301   412   660   564
B3C6C83 1980   437   663   372   325   383   399   337   367   360   540
B3C6C83 1990   395   362   366   213   219   294   499   190   391   353
B3C6C83 2000   428   300   339   461   324   259   345   245   219   195
B3C6C83 2010   244   228   259 -9999
B3B6181 1950   818  1807  1676  1520   754  1202   848   872  1522  1176
B3B6181 1960  1201  1482  1301  1327  1111   981  1485  1203  1076   842
B3B6181 1970   714   707   516   783   928  1106   816   775  1079   758
B3B6181 1980  1091  1447   904  1420  1267  1151   771   872   983   763
B3B6181 1990  1107  1189   960  1004  1132  1431  1464  1057  1817  1479
B3B6181 2000   588  1531  1000  1319   985   757   457   604   420   394
B3B6181 2010   473   759  2620 -9999
H6C1572 1952  1550  1804  1754  1071  1358  2233  2004  1678
H6C1572 1960  1318  1885  1926  1651  1727  1575  2405  2410  1824  1551
H6C1572 1970  1412   904   587   697  1047  1632  1506  2221  1943  1523
H6C1572 1980  1772  1803  1883  1936  1943  1838  1197   557   458  1328
H6C1572 1990  1285   619   460   825  1277   950   993   825   571   681
H6C1572 2000   492   618   492   857   428   301   365   397   190   317
H6C1572 2010   318   809   873 -9999
H6D1619 1957  2827  2684   916
H6D1619 1960  1008  1737  1966  2989  1939  1600  1503  1518  1206  1437
H6D1619 1970   970   952   815   671   545  1131   775  1058   894   949
H6D1619 1980  1158  1064   809   856   777   683   681   571   730  1519
H6D1619 1990  1095  1078  1014   888   901  1350  1281  1039  1162   948
H6D1619 2000   850   507   713   395  1314   461  1730  1110  1110  1476
H6D1619 2010  1586  1046   515 -9999
