H6A1525 1950   193  4012  2110  2119  3532  3172  3307  1992  1967  2193
H6A1525 1960  2391  2122  2323  1778  1952  1864  2123  1606  1776  1521
H6A1525 1970  1656  1130  1164  1443  1274  1739  1916  1276  1579  1457
H6A1525 1980  1651  1239   588  1157   686   821  1404  1047  1487  1193
H6A1525 1990  1260  1038   945   791   920  1107   940   727   877  1008
H6A1525 2000   759   821  1047  1227   915  1200  1070  1205  1233  1316
H6A1525 2010  1137  1030   858 -9999
H1B1700 1917  1801   799   508
H1B1700 1920   759   663   870   557   908  1050   997   926  1025  1226
H1B1700 1930  1115   650   629   711   711   386   339   342   217   401
H1B1700 1940   389   292   330   510   555   739  1124  2250  2189  2283
H1B1700 1950  2308  2209  2840  2608  2960  2833  2046  1632  2158  1574
H1B1700 1960   663   492   682   459   635   776   587   873  1094   698
H1B1700 1970   476   254   397   460   825   872   917  1022   662   551
H1B1700 1980   565   599   614   549  1016   974   903   901   744   841
H1B1700 1990   760  1071  1108   955  1087   909  1013   847  1025  1283
H1B1700 2000  1425  1428  1197  1518   770  1058  1301  1182  1263  1430
H1B1700 2010  1660  2510  1957 -9999
S3B5386 1946  1176  1161  1051  1209
S3B5386 1950  2336  1668  1749  2131  2577  3104  2853  2284  2541  2734
S3B5386 1960  1607  1841  1077   875  1150  1272  1172  1227  1339  1606
S3B5386 1970   997  1124   986  1268   967   682   745   935  1395  1429
S3B5386 1980  1903  4508  3540  3314  2571  1983  1905  2095  1586  1617
S3B5386 1990  1633  1825  1745  2064  2887  2547  2108  1869  1809  2600
S3B5386 2000  2392  2366  2312  3096  3319  2365  2541  2680  2552  2304
S3B5386 2010  2373  2951  4492 -9999
B6D8602 1891   484   431   650   315   530   313   179   272   229
B6D8602 1900   198   212   205   395   236   389   541   153   181    96
B6D8602 1910   151   247   113   173   349   376   547   754   531   299
B6D8602 1920   479   359   427   411   356  1651  2502  2240  2367  2530
B6D8602 1930  2345  1949  1743  1787  1519   903  1152  1206   971   997
B6D8602 1940   765   717   681   786   716   565   530   512   505   588
B6D8602 1950   390   506   559   442   945  1376  1365  1349  1170   935
B6D8602 1960  1090  1446   823   963   830  1058   774  1252  1019   872
B6D8602 1970   936   882   959   903   862   666   623   709   497   539
B6D8602 1980   476   265   497   528   825   857   729   866   697   559
B6D8602 1990   443   464   751   666   889   741   707   655   698   793
B6D8602 2000   781   720  1015   476   857  1067   877  1015  1186  1320
B6D8602 2010  1492  1059  1396 -9999
S5A5289 1988   120  2723
S5A5289 1990  2908   694  1713  2407  2282  3191  2520  2895  4006  3199
S5A5289 2000  2056  1821  2308  2900  2297  1815  3047  1568   992   929
S5A5289 2010  1153   792  2181 -9999
S5C5324 1955  1230   999  1898  1591   871
S5C5324 1960  1509   929  1432  1083   847  1017  1636  2497  2551  2350
S5C5324 1970  1068   754  1566  1512  1142  1111   935  1381  1269   507
S5C5324 1980  1095  1585   857  1745  1888  1035  1009  1411  1517  2509
S5C5324 1990  2216   300  2151   859   535   477  1175  1529  1539   861
S5C5324 2000  1412  2344  2945  3928  2274  1866  2089  1497  1480  1358
S5C5324 2010  1237   983  1871 -9999
H6A1528 1947  1078  3258  2372
H6A1528 1950  1502  2121  2058  2296  2820  2000  1933  1355  1144  1454
H6A1528 1960  1625  1697  1716  1636  1851  1621  1180  1382  1881  2073
H6A1528 1970  2028  1623  1523  1601  1261  1012  1205  1079  1520  1444
H6A1528 1980  1365  1238   746  1173   857   935  1206  1122  1450  1083
H6A1528 1990  1375  1211  1080   986  1276  1333  1226  1092  1262  1107
H6A1528 2000   925  1039  1216  1259   964  1588  1182  1129  1430  1546
H6A1528 2010  1295  1283   979 -9999
H1B1697 1927    88  1746  1538
H1B1697 1930  1066  1125   633   810   653  1017   864  1245  1335  1366
H1B1697 1940  1446  1806  1554   857   741  1031  1131  1849  1103   796
H1B1697 1950   944   927   643  1014  1230   497   585   918  1080  1663
H1B1697 1960  2858  2611  2271  1983  1967  1668  1854  1429  2164  2018
H1B1697 1970  1655  1730  1672  3581  2561  1706  2010  1719  1804  1430
H1B1697 1980   925   839   905   707   447   335   871   619   840  1221
H1B1697 1990  1983  1043  2064  1788  1456  2300  1886  1753  1826  1315
H1B1697 2000  1746  1301  1430  1716  1158  1158   905  1601  1474  1253
H1B1697 2010  1299  1487   985 -9999
H1B1689 1952   819  2079  2196  1796  1727  1491  1346  1127
H1B1689 1960  1475  1158  1288   414  1736  2599  2693  2742  2107  2559
H1B1689 1970  3648  2841  2176  2923  2444  1873  2086  1806  1246  1125
H1B1689 1980   823  1688   846   851  1359  1501  1375   916   938   995
H1B1689 1990   859   846  1804   957  1146  2463  2302  2999  2747  2187
H1B1689 2000  2055  1751  1852  1726  1726  2028  1522  1837  2204  1597
H1B1689 2010   983  2147  1299 -9999
S3C5370 1968  1096  1631
S3C5370 1970  3552  3582  4248  4843  6350  4010  6101  5359  4299  4449
S3C5370 1980  6335  5107  4629  3311  2864  6871  3823  4222  1586  4231
S3C5370 1990  3941  2398  2796  3105  2921  4649  2364  3046  3488  2046
S3C5370 2000  2570  2425  2902  2095  1679  2109  1887  2182  1149  1695
S3C5370 2010  1296  1402  1472 -9999
S3C5376 1981   825  4527  4142  3473  3426  2861  3227  2816  1718
S3C5376 1990  3272  3029  2281  2138  2075  1524  3622  2730  2060  2689
S3C5376 2000  1246  1249  1776   541  1023  1998  1472  2174  1983  2002
S3C5376 2010  1936  1436  1107 -9999
H6A1531 1962   444  2580  4327  5063  1320   585  1008  2372
H6A1531 1970  1280  1326  3345  3022  2003  2295  2202  1920  2570   254
H6A1531 1980  2375  2508  1603   773  2461  1648  1171   798  1110  2340
H6A1531 1990  2106  1032   967  1283  2882  2342  2031  1617  1686  1251
H6A1531 2000  2120  2012  1238   680   927   789   677   706   457   711
H6A1531 2010   750   516   715 -9999
H1A1636 1957  2252  1801  1574
H1A1636 1960  2435  1790  1575  2742  2209  2788  2948  2476  3998  2729
H1A1636 1970  2537  2125  2390  3055  1673  2503  2599  2790  1588  2886
H1A1636 1980  1977  2018  1698  2021  1916  2011  2091  1571  1934  2115
H1A1636 1990  1484  1713  1017   748   694   684   539   806   968   658
H1A1636 2000   466   522   923   806   630  1142  1192   874  1272   980
H1A1636 2010  1525   981   638 -9999
