5542    1952  2572  2804  3078  2406  2695  3642  3554  4114
5542    1960  3622  5997  6477  5404  5738  4147  4538  3451  5198  4728
5542    1970  3456  3883  4094  3843  3574  3184  4237  3713  2967  3318
5542    1980  2854  1946  2187  2319  2226  2380  2984  3111  3838  2946
5542    1990  3611  3192  3838  3323  2125  3014  1965  3227  3140  3108
5542    2000  2783  2627  2948  2497  4557  4729  3555  2220  1809  2127
5542    2010  3489  3238  2792 -9999
S5A5278 1984   420 10214  7318  6028  7826  6570
S5A5278 1990  5623  6258  6229  9647  5811  5862  5293  8148  5745  5995
S5A5278 2000  4590  5689  5313  3760  3915  5715  6670  5459  5332  4499
S5A5278 2010  5840  3841  5775 -9999
