5065    1948   261  1686
5065    1950   824  1070  1776  1283   750   671   617  1643  2557  1685
5065    1960  1425   713   593   610  1163  1671   887   593  1363  1615
5065    1970  2182  2302  1836  2467  2791   889  1238  1364  1935  1681
5065    1980  2601  2571  3198  2386  1679  4142  2945  2918  2571  3997
5065    1990  3967  1904  2714  2205  3491  2438  2444  2682  2093  2030
5065    2000  2317  1269  1458   825  3174   952  1840  1456  1347  1257
5065    2010  1524  1583   666 -9999
5592    1907    28   862   477
5592    1910   809   707   997   844   685   619   426   639   582   769
5592    1920   780   707   754  1486  1168  1350  1208  2473  1974  1483
5592    1930  1177  1187  2032  1813  1422  1879  2451  1466  2447  2446
5592    1940  1637  1981  1981  1585  1608  1500  2456  1872  1957  1202
5592    1950  1618  1416  1554  1387  1427  1253  1705  1277  1276  1837
5592    1960  1352  1330  1736  1080  1317  1075   876   659   788   878
5592    1970   819   970  1135  1332  1107   889  1159   938   751  1167
5592    1980   665   665   983  1111   919  1142   984   857   982   791
5592    1990  1170  1548  1867  1371  1547  1536  1181  1405   901  1296
5592    2000  1189  1060   940   943  1036  1256   907  1227   943  1106
5592    2010  1040   638   816 -9999
5040    1960   558  2075  3294  2948  4024  1781   696   479   922   604
5040    1970  1633  1278   714  1307  1330  1194  1399  1479   819  1298
5040    1980  1813  2592  1934  1389  1273  1163  1142  1173   921   857
5040    1990   791  1360   507   807   592   632   858   665   889  1165
5040    2000   621   974  1201  1495  1136  1161  1080  2151  1831  1104
5040    2010  2298  1874  1332 -9999
5600    1950  1101  1804   682   989   581   858  1009   618   926   446
5600    1960   160   379   393   428  1168   330  1778   513   595   689
5600    1970  1379  1347   927   523  1181  1161  1064  1009  1287  1008
5600    1980   590  2237  1056  1332  1377  1386  1485   755   725  1231
5600    1990   627  1610  1533   756   919   920  1034  1138  1206  1603
5600    2000  1300   603  2297   681  1410  1142  1520   745  1221   791
5600    2010  1296  1165  1523 -9999
5055    1944  1208  1264  1140   933  1197   788
5055    1950   699  1011  1077  1237  1333   921  1141  1040   982  1142
5055    1960   882  1047  1047  1014  1014   696  1051  1010  1078   983
5055    1970   885  1197   786   694   502  1008  1300  1714  1804  2089
5055    1980  1458  1609  1841  2120  1741  1901  2758  1682  1586  1966
5055    1990  1523  1519  1236  1408  1171  1714  1040   918  1376  2660
5055    2000  2094  2535   539   568  2315  1802  1505  1492  2156   822
5055    2010   757   578   486 -9999
5049    1924   955   722   639   556   770   347
5049    1930   310   450   418   397   514   421   424   937   587   522
5049    1940   557   684   607   495   640   644   750   459   786  1298
5049    1950  1641  1330   961  1092  1257  2065  1471  1334   946  2069
5049    1960  1331  1700  2645  1485  1607  1525  1490  1140  1284   823
5049    1970  1142  1044   953   824   713  1297   825   786   381   724
5049    1980   397   625   380   345   633   301   365   867  1294   861
5049    1990  1563   460  1353  1281  1158  1085  1063  1260  1314  1454
5049    2000  1045   608   580   901   650   634  1156   409   380   484
5049    2010   403   378   426 -9999
