H7C5433 1974  1148  3745  3611  3631  2690  2791
H7C5433 1980  3093  2220  2891  3291  2059  1958  1872  2160  2089  1431
H7C5433 1990  2156   605   759  1079  1170  1036   924   982  1168  1297
H7C5433 2000   976  1221  1203   983  1367  2089  1874  1625   824  1300
H7C5433 2010  1300  2344  1361 -9999
H7C5451 1956  1632  2329  1878  1563
H7C5451 1960   959  1922  1832   572  1728   888   701  1463   787  2343
H7C5451 1970  1937  1484  1016  1200  2473  2252  1046   952   977  1492
H7C5451 1980  2021  2031  1513  2201   814  1913  1857  1235  1324  1134
H7C5451 1990  1619  1332  1744  1616  1330  1558  1109  1617  1331  2026
H7C5451 2000   915  2514   665  1710  1203  1012  1080  1113  1161  1236
H7C5451 2010   859   696  1042 -9999
H7C5452 1950   684  6649  4947  5394  4439  5203  5801  3659  3012  3466
H7C5452 1960  3021  3252  3718  3325  2943  2392  2463  2441  2121  1199
H7C5452 1970   783   586   831  1240  1755  1482  1751  2469  3016  2775
H7C5452 1980  2422  1866   677   903  1366  1693  2201  2866  2514  2409
H7C5452 1990  1803  1091  1799  2438  2014  1747  1647  1910  1666  2478
H7C5452 2000  1426  1908  2345  2193  1743  1808  2351  2098  2689  2524
H7C5452 2010  1993  1694  1485 -9999
H7C5458 1975   263  1650  1990  2405  1773
H7C5458 1980  1561  2369  2985  2249  3460  3181  3015  2873  2696  2972
H7C5458 1990  2566  2837  2638  2343  2385  3114  3205  2517  2702  2891
H7C5458 2000  2021  2981  2545  2718  3015  2885  2812  2891  2254  2378
H7C5458 2010  2653  3236  2471 -9999
H7C5438 1958   804  4097
H7C5438 1960  2174  2196  2555  1331  1899  1513  1754  1431  2154  1587
H7C5438 1970  1996  1329  1627  1987  2591  1578  1485  1562  1861  1931
H7C5438 1980  1475  2051  2390  1510  2792  2335  2235  2208  1995  2413
H7C5438 1990  1737  2173  2269  1847  1414  1689  1450  2019  2059  1950
H7C5438 2000  1822  2165  2251  2387  1671  2025  1999  2381  1862  1923
H7C5438 2010  1520  2535  1673 -9999
H7C5455 1939   245
H7C5455 1940  1848  2368  1987  1737  1861  1971  2025  1211   435   786
H7C5455 1950  1266  1325  1980  1156  2042  1619   759  1028  1913   777
H7C5455 1960  1232  1906  2157  1183  1715   865   789   596  1208   719
H7C5455 1970   536   824   872  1455  1420   926  1033   956  1470  1301
H7C5455 1980   846  1469   667  1089   723   786   807   913   863   895
H7C5455 1990   920   828  1112  1398   756   919   854   807   969  1115
H7C5455 2000   350   705  1066   482   712   718   577   383   857   694
H7C5455 2010   722   805   564 -9999
B7B5828 1962  3925  5752   902  1985  1468  1175  1159   891
B7B5828 1970  1365  1170  1565  1621  2803  2291  2728  1639  2500  2668
B7B5828 1980  1142  1139  1103  1268  1903  4380  1329  1741  1682  1235
B7B5828 1990  1255  1973  1557  1723   931  1399  1530  1427  1165  1471
B7B5828 2000  1765   889  1985  1135  1539   901  1224  1138  1519  1685
B7B5828 2010  1979   783  1071 -9999
B7D5738 1971   102  1167  1027   717  1127  1881   637   952   704
B7D5738 1980   832   723  1149  1456   579   367   489  1363  2190  1878
B7D5738 1990  3723  2458  2716  2966  3167  1410  2506  1740  1238  1523
B7D5738 2000  1423   790  1142  1238   605   785  1847  1235   994  1382
B7D5738 2010  1672  1421  1566 -9999
