H1B1705 1924   159   151   171   292   230   449
H1B1705 1930   254   257   276   197    80   117   145   136   194   193
H1B1705 1940    34   150   110   181   146  1304  1915  1983  1646  1664
H1B1705 1950  1066   630   845   786   886  1004   772   693   671   864
H1B1705 1960   732   633   834   521   761   731   714   799   938   648
H1B1705 1970   573   570   981  1159  1256  1111   967   669   754   547
H1B1705 1980   595   565   638   582   899  1153  1094   905   850  1143
H1B1705 1990  1256  1176  1097   952   834  1190  1342  1209   962   931
H1B1705 2000   986  1455   610  1122   616   431   769   927  1076  1381
H1B1705 2010  2112  2442  2672 -9999
H1D1739 1949    57
H1D1739 1950  3398  3534  3211  1961   939  2957  2640  2181  1304   776
H1D1739 1960  1594  2358  2774  2573  1687  1125  2544  3195  1338   970
H1D1739 1970  1239   856   477  1046  1269  1741  1774   988  1034   611
H1D1739 1980   807   924   966   900  2344  1648  1399   724  1640  1500
H1D1739 1990  1772  1719   848  1514  1291  1443  1186  1347   792  1055
H1D1739 2000  1105   794  1409   969   967   772   634  1062   681   778
H1D1739 2010  1090  1079   967 -9999
