H1C1715 1928  2189  2015
H1C1715 1930  2067  1459  1677  2109  2091  2464  2264  2367  2379  2083
H1C1715 1940  1476  1516  2193  2682  3511  3240  1770  1734  2163  3075
H1C1715 1950  2501  2776  2922  2243  2929  3237  3151  2492  2497  2722
H1C1715 1960  4030  3115  3827  3642  4092  3433  3238  3296  3417  3575
H1C1715 1970  3554  2274  2037  1267  1194  1620  2333  2329  3271  3444
H1C1715 1980  3193  2658  1013  2286  1669  1834  2707  1763  2012  2027
H1C1715 1990  1907  1423  1479   976  1603  2312  1589  1258  1202  1336
H1C1715 2000  1109  1403  1621  1659  1028  1543  1609  1503  1888  1798
H1C1715 2010  1880   973   858 -9999
H1B1688 1917  3033  2380  1992
H1B1688 1920  2280  1602   741  1154  1489  1165  1097  1233  1920  2752
H1B1688 1930  2418  2182  1799   968   810  1522  2245  1056   866  2095
H1B1688 1940  1022  2818  1642  1724  1067   951  1062  1162  1442  1376
H1B1688 1950  1327  1077   698  1025  1341   895   805  1040  1055   502
H1B1688 1960   929   915   767   708   600   756   730   476   369   631
H1B1688 1970   725   884  1023  1110  1325  1190  1614  1761  1643  2345
H1B1688 1980  2128  1700  1537  1723   887  1674  1385  1199  1856  1350
H1B1688 1990  2215  1677  1840   952  1459  2265  1066  1879  2359  1976
H1B1688 2000  1843  2623  1574  2793  3330  1857  4694  3686  4172  1935
H1B1688 2010  1533  3142  1602 -9999
