B6D8596 1923  2370  1106   278   548   269  1099   956
B6D8596 1930  1091  1692  2392  2362  2142  2552  2491  2492  2287  1639
B6D8596 1940  1555  1434  1303  1284   809   914   572   575   556   302
B6D8596 1950   430   582   916   444   413   546   299   406   611   953
B6D8596 1960   939  1178  1039   659   722  1064  1006  1106   797   836
B6D8596 1970  1017  1013   700   762   551   489   594   790   665   514
B6D8596 1980   480   361   277   290   204   295   205   249   263   249
B6D8596 1990   279   202   232   211   234   140   125   218   231   275
B6D8596 2000   217   209   103   187   162   115   163   299   219   199
B6D8596 2010   123   194   113 -9999
B6D8605 1938  1551  1784
B6D8605 1940  1356  1514  1146  1130  1335  1478  1011   794  1363   927
B6D8605 1950  1034  1250  1264  1106  1306  1245  1618  1814  2012  1678
B6D8605 1960  1306  1348  1170   425   975  1051  1191  1140  1006   696
B6D8605 1970   900   647   810   840  1409  1505  1699  1804  1472  1633
B6D8605 1980   981  1150  1825  1031   951  1222  1014  1113  1234   759
B6D8605 1990   998   953   726  1062   790   902   678   668   775   838
B6D8605 2000   775   777   746   806   587   681   635   968  1286  1048
B6D8605 2010   730   871   984 -9999
H1D1737 1957  4791  2666  2090
H1D1737 1960  1559  1914  2216  2654  3038  3997  3581  1525  2563  3143
H1D1737 1970  3901  4933  4530  3934  3330  3328  4083  3910  4232  3517
H1D1737 1980  3425  2030  1051  1650  1264  1922  2041  2520  2862  2682
H1D1737 1990  2569  1683  1676  1421  1741  1937  1780  2192  1903  2121
H1D1737 2000  1716  1451  1836  1616  1335  1557  1265  1170  1609  1630
H1D1737 2010  1617  1102   789 -9999
H6A1527 1949  1769
H6A1527 1950  2281  1756  2366  2907  3696  3355  3305  2667  2428  1644
H6A1527 1960  1867  2081  1784  2089  1713  2120  2036  1813  1767  1617
H6A1527 1970  1554  1805  1461  1645  1713  1747  1677  2227  2156  2540
H6A1527 1980  2441  2441  2253  2322  1140  1597  1986  1582  2448  2203
H6A1527 1990  2420  2033  2284  1570  2282  2820  2624  2089  1907  1866
H6A1527 2000  1648  1585  2640  2344  1717  1648  2045  2060  2444  2904
H6A1527 2010  2338  2408  1582 -9999
S3C5368 1953   295  2114  2610  2298  1032  1418  1851
S3C5368 1960  2162  2041  2342  2283  1743   856   817   696   730   444
S3C5368 1970   444   618   763   727  1317  1269   829   922   815   777
S3C5368 1980   408   721  1444  1425  1734  1782  1274  1075  1565  1621
S3C5368 1990  1807  1317  1139   760  1111  1745  1806  3302  2207  1458
S3C5368 2000  1379  1551   768   388   486   428   560  1428  1905  1710
S3C5368 2010  1832  2069  2832 -9999
H6A1514 1950  1199  1848  2002  2296  3079  3809  3206  2724  2315  2156
H6A1514 1960  2059  1377  1769  1047  1473  1352  1556  1617  1589  1492
H6A1514 1970  1128   895   908   929  1309   900   807   910   537  1334
H6A1514 1980   881   895  1038   834  1611  1389  1890  1566  1386  1701
H6A1514 1990  1305   994   993   808   569   588   657   550   565   470
H6A1514 2000   495   524   543   818   543   450   723   876   724   823
H6A1514 2010   780   746   603 -9999
H1D1743 1961   254  1620  1908  1866  1538  2156  2629  3325  2666
H1D1743 1970  3325  3520  3836  4414  3616  3710  3500  2966  3769  3165
H1D1743 1980  2699  1585  1363  2220  2416  1898  2634  2482  2466  1994
H1D1743 1990  2533  1649  1711  1329  1813  2161  1869  2130  2011  2688
H1D1743 2000  1646  1802  2783  2396  1984  2456  2136  1818  2192  2601
H1D1743 2010  2927  2273  1185 -9999
H6A1501 1948  2159  2664
H6A1501 1950  2948  2792   856  2000   856  1808  1401  3136  2791  1704
H6A1501 1960   864   503   752  1403  1981  2946  2286  1782  1562  1229
H6A1501 1970  1423  1155  2043  2102  1680  3402  1757  2515  3330  1797
H6A1501 1980  1941  1201  1269   970  1952  1796  1715  3121  2558  2398
H6A1501 1990  1884  1754  2220  2359  1314  1438  2044  2365  2433  1357
H6A1501 2000  1300  1301  1108  1303   870   951  1319  1431  1253  1381
H6A1501 2010  1107   686   624 -9999
H1C1709 1960  1004  1641  1831  1415  1239  1136  1268  1527  1390  1046
H1C1709 1970   687  1318  2349  3382  2856  3455  2624  3031  3193  2723
H1C1709 1980  2427  1778  1974  1662  1658  3352  2848  2637  2085  2358
H1C1709 1990  2282  2495  2699  2766  3458  3308  2282  2064  2212  2183
H1C1709 2000  2526  3519  2661  2794  1998  2024  2036  1995  2443  3870
H1C1709 2010  1938  2510  2189 -9999
H1D1754 1961   179  4207  4245  3842  3511  3036  2290  2446  4176
H1D1754 1970  3234  2573  2867  2850  3187  2597  3814  2652  2665  2142
H1D1754 1980  2353  1637   878   881   743  1164  1383  1276   675  1634
H1D1754 1990  1277  1258  1026  1099  1071  1183  1164  1436  1045  1102
H1D1754 2000   567  1300  1333   895  1243   985   774  1135  1267  1202
H1D1754 2010  1356  1151   919 -9999
