H1C1721 1961  2126  2943  3070  2108  4029  1770  2155  1378  2003
H1C1721 1970  2718  2704  2819  3292  2255  4449  2276  2612  2385  3325
H1C1721 1980  2749  1714  2111  1920  1536  1957  2306  4858  3235  2825
H1C1721 1990  3521  3506  2151  3281  2645  2234  2283  1899  1999  1221
H1C1721 2000  1190  1460  1476  1808   920   968  1540  1396   968  1110
H1C1721 2010  1285  2618  2076 -9999
H6C1567 1947   480  1964  2547
H6C1567 1950  2859  5412  2709  3298   364  2296  3641  3501  3431  2807
H6C1567 1960  2615  3536  3089  3395  2346  2727  2346  2190  2566  2506
H6C1567 1970  3201  3573  3073  3142  3141  2442  1998  2758  2284  2761
H6C1567 1980  2474  2317  2825  2602  1711  1669  2721  1870  2767  2584
H6C1567 1990  2541  1924  1505  1523  1803  2142  1771  1361  1720  2283
H6C1567 2000  1689  1632  2578  2194  1974  2365  2289  2285  2786  2904
H6C1567 2010  2602  1903  2063 -9999
H1B1704 1934  2058  2840  1941  2202  1284  1809
H1B1704 1940  2482  1575  2437  1367  1313  1720  1519  1249  1697  1298
H1B1704 1950  1627  1387  1287   827   917   836  1006  1006   882   805
H1B1704 1960   858   785   614   833   698   482   470   625   748   779
H1B1704 1970   872   820   934   994  1235   615  1055  1004  1237  1328
H1B1704 1980  1080  1134   556   539   512   409   476  1307   546   548
H1B1704 1990   407   295   542   654   593   402   318   495   741   301
H1B1704 2000   517   558   664  1547   538   944  1495   295   359   666
H1B1704 2010   425   762   684 -9999
S3A5355 1921  1333  1963  1824  1662  1024  2015   476  2357   290
S3A5355 1930  2890  1142  2581  1714  1064  2657  3215  1975  2744  2988
S3A5355 1940  2836  1448  1178  2462  1663   899  1522   926  1312  1130
S3A5355 1950  1486   871  1486  1316  1618  1757  1132  1233  1455   979
S3A5355 1960  1947  2998  2903  1509  1310  1526  1140  1992  4428  2818
S3A5355 1970  1548  1632   708  1312  1231  1814  1787   685  2670  3196
S3A5355 1980  3033  3248  3329  4169  1814  2357  2125  2898  3192  4669
S3A5355 1990  2262   945  1143  1271   601  4304  3121  2266  2060  1650
S3A5355 2000  3140  2645  2636  1911  1382  1030  1300  1491  1188  2443
S3A5355 2010  1271  1683  1406 -9999
H6D1620 1951  4047  5457  5115  4047  4467  4461  3593  4132  5040
H6D1620 1960  4677  5555  4411  4930  3447  2604  2541  1933  1929  2077
H6D1620 1970   861  1290  1014  1233  1615  1984  1869  3063  2440  1526
H6D1620 1980   914  1476  1244   646  1129  1752  2282  2868  2430  3095
H6D1620 1990  3198  3646  4508  3334  3233  3508  2734  2809  2496  1937
H6D1620 2000  2654  3697  3722  2776  2195  2934  2280  2618  3570  3006
H6D1620 2010  2231  2321  2869 -9999
H6C1576 1952   778  3472  2922  3079  4112  3397  4591  3664
H6C1576 1960  5646  2407  5878  4443  2967  3351  3021  3035  2684  3831
H6C1576 1970  3527  3390  4009  2624  2883  2554  1934  1929  2868  2169
H6C1576 1980  3015  2541  2381  2806  4316  2364  1886  2316  1298  1888
H6C1576 1990  1870  2171  2266  2357  1885  2374  1971  1637  2521  1505
H6C1576 2000  1135  3303   963   915   540   886   506   460   367   474
H6C1576 2010  1031   710   661 -9999
H6B1557 1909   420
H6B1557 1910  1828   928   669  1518  1704  1325  1519  1663  2378  2847
H6B1557 1920  4974  4297  3077  2347  3203  2934  2610  2155  2058  1804
H6B1557 1930  2965  2380  2288  2008  1802  1594  1575  1410  2333  2078
H6B1557 1940  2607  2081  2008  1468   915   497   564   697  1085   711
H6B1557 1950   674   524   559  1053   955  1131  1431  1743  1841  1539
H6B1557 1960  1437  1313  1273  2743   853  1569  1401  1707  1788  2148
H6B1557 1970  2038  2414  2982  2819  3175  1483  2667  1989  1790  2734
H6B1557 1980  2380  2201  1931  2554  2350  2770  1431  1198  1679  2179
H6B1557 1990  2264  1893  1567  1362  1581  1180  1102  1092   950   605
H6B1557 2000   433   463   269   315   350   535   353   711   435   399
H6B1557 2010   360   233   162 -9999
H6A1534 1952   135   618  2673  3708  3463  2371  4719  5183
H6A1534 1960  1831  1829  2614  2730  4869  1315  3532  2507  2411  2160
H6A1534 1970  2836  3528  2491  3433  2762  2820  2287  2679  2349  2803
H6A1534 1980  3030  2932  2063  1234  1189  1395  1573  1443  1446  1346
H6A1534 1990  1030   478  1777   872  1170  1034  1663  1810   566  2114
H6A1534 2000  1219  1665   890  1030  1428  1046  1126   828  1426   715
H6A1534 2010  1252   841  1538 -9999
