S5A5291 1977  1036  1410  3072
S5A5291 1980  1855  2968  2525  2586  2958  4406  4870  4276  3946  2996
S5A5291 1990  3153  3828  3621  4030  3648  3335  4390  3616  3299  3237
S5A5291 2000  2207  3469  3933  2814  3796  2148  2563  2318  2403  2093
S5A5291 2010  2041  2457  2359 -9999
S5C5322 1970    38  4103  2960  3587  2529  2180  1916  1514   919  1347
S5C5322 1980  1459  1700  2907  3348  1668  1485  1959  1495  1166  1348
S5C5322 1990  2878  2244  1806  1878  2459  1858  2565  1350  1519  1675
S5C5322 2000  1155  1511  2209  1898  2938  1840  1807  1640  1337  1895
S5C5322 2010  1262  1476  2077 -9999
