H1B1693 1944   380   793   995  1377  1461  2221
H1B1693 1950  1992  1976  2197  2259  2830  1878  1424  1315   999  1063
H1B1693 1960   889  1081   928   783   688   698   601   741   765   300
H1B1693 1970   382   285   190   332   427   286   411   395   933   852
H1B1693 1980  1053   571   857   426   937   761   715   444   602   705
H1B1693 1990   698   804   780   788   586   492   523   717   666   538
H1B1693 2000   443   730   445   937   428   555   380   443   665  1035
H1B1693 2010  1466  1904  2362 -9999
H1A1647 1958   395  3522
H1A1647 1960  1838  2738  1880  1415   734   575   780  1084  1383  1718
H1A1647 1970  1545  1439  1528  1699  1895  1601  1188  1244  1424   854
H1A1647 1980   975  1833   746  1790  1193  1612  1484  2173  1786  1228
H1A1647 1990  2079  1317  1176  1599  1332  1811  1127  1484  1009   823
H1A1647 2000   476  1242  1157  1163   351   367   312   194  1196   983
H1A1647 2010  1468  1144  1439 -9999
