H1D1749 1957    50   876  1702
H1D1749 1960  3899  2463  2630  2255  2677  2245  2331  2297  3237  2134
H1D1749 1970  1879  2604  1955  1451   946  1096  1656  1458  2097  1771
H1D1749 1980  2219  1406   542   775   713   919  1137  1169  1442  1323
H1D1749 1990  1338   884   951   902  1116  1536  1361  1219  1055  1132
H1D1749 2000   880  1061  1448  1589  1195  1728  1681  1666  1873  1619
H1D1749 2010  1463  1398   824 -9999
H6A1506 1967    36  1550  1459
H6A1506 1970  1898  1660  2159  1731  2238  2166  2248  2951  2355  2530
H6A1506 1980  2155  2087  1605  2079  2266  2630  2815  1893  1372  1226
H6A1506 1990  1175  1050   953   800   912   849   993  1784   979   595
H6A1506 2000   561   958   821   765   804   635  1143   485   825   439
H6A1506 2010  1028   361   727 -9999
