H6B1552 1948  1334  1415
H6B1552 1950  1511  1609  1860  1590  1051  1508   981  1373  1452  2314
H6B1552 1960  1568  1906  2115  1468   744   915   877   728  1101   713
H6B1552 1970   775  1052  1204   850   391   824   415   624   630   818
H6B1552 1980   531   646   867   467   496  1178  1081  1672   383   444
H6B1552 1990   775   973  1189   998  1380  1270  1320  1189   867  1074
H6B1552 2000  1083  1359   414   759  1055  1458  1458  1662  1906  1760
H6B1552 2010  1327   445   659 -9999
H6A1505 1953   207  2121  1639  1850  3169  2266  1753
H6A1505 1960  2151  1835   800   892  1782  1137  1482  2288   981  1058
H6A1505 1970  1320   912  1366   899   683   838  1156  1826  1649  1524
H6A1505 1980  1939  1807  1979  1438  1528   916   740  1584  1425  1270
H6A1505 1990   996   895   494   568   664   495   893   748   939   750
H6A1505 2000   867   656   457   822   529   698   381   465   233   433
H6A1505 2010   275   180   233 -9999
