H1D1754 1961   141  2795  2334  2082  2805  2440  2362  2142  2528
H1D1754 1970  2518  2616  2081  1804  2198  2130  2045  2152  1961  2082
H1D1754 1980  1724  1352  1003   528   564   494   443   566   724   787
H1D1754 1990   853   853   950   698   538   793   762   730   889   571
H1D1754 2000   570   476   413   412   507   444   445   538   413   380
H1D1754 2010   412   317   413 -9999
H6C1566 1945   589   871  1213   564  2114
H6C1566 1950  2034  1398   433  2302  1391  2275  1448  2939  1187  1178
H6C1566 1960  1454  1770  1492  1617  1281  1177   763   943   728   947
H6C1566 1970   784   874  1482   950   657  1301  2122  1785  2269  1825
H6C1566 1980  1903  1455   515  1081   738   832   866   936  1031   801
H6C1566 1990  1146   706   741   790   628   477   385   245   259   586
H6C1566 2000   297   279   369   585   270   313   217   221   449   439
H6C1566 2010   493   676   651 -9999
