5055    1950  1045  1269  1171   927  1109   856   706   981   989  1297
5055    1960  1250  1067  1111  1069  1067   930   928  1075  1098  1019
5055    1970   873   889   962   909  1215   964   888  1248   834  1076
5055    1980  1144  1297  1533  1715  2115  1417  1703  1903  2085  1838
5055    1990  1853  2740  1681  1588  3499  1662  1196  1357  1181  1714
5055    2000  1089   899  1512  2496  2311  2326  1121  2303  1601  3068
5055    2010  1203  2556  1617 -9999
5049    1920   288   846   607   564   546   299   541   365   329   520
5049    1930   457   404   508   417   485   860   613   521   573   713
5049    1940   576   487   624   590   832   447   795  1329  1723  1136
5049    1950  1023  1307  1212  1971  3415  2438  1291  1631  1552  1060
5049    1960  1369  1702  1039   471  1584  1138  1215   782  1227  1109
5049    1970   878   835   695  1338   843  1905  1043   674   306   327
5049    1980   368   651   253   327   338   431   264   233   232   296
5049    1990   370  1525   453   432   950  1226  1161  1210   921  1305
5049    2000  1219   779   723  1061   998  1972  1861   803   498   395
5049    2010   285   340   306 -9999
B8A5858 1972  1157  2530  1563  1874  1628  2023  1657  1690
B8A5858 1980  1742  1837  2311  2495  2812  1396  1086  2356  2451  2340
B8A5858 1990  2698  2685  3109  2192  1677  2968  3403  2828  3570  3371
B8A5858 2000  3007  1804  1680  2248  2380  1524  2122  2344  5542  3299
B8A5858 2010   890  1839  1739 -9999
B8A5868 1979  2341
B8A5868 1980  5298  2189  2587  2166  1866  2461  2640  2064  1767  1490
B8A5868 1990  2173  2266  1795  1703  1436  1669  1611  1630  1693  2089
B8A5868 2000  1415   836  2239  2382  2125  1939  1933  2373  2533  2733
B8A5868 2010  1457   666  1523 -9999
5040    1954   618  1298  3517  4270  1679  1780
5040    1960   731   853  1269   615  1537  1400   576  1118  1506  1128
5040    1970  1477  1456   716  1312  1650  2635  1803   476  1129  1318
5040    1980  1171  1176  1268   997   683   903   650   678  1413   621
5040    1990   771   889   661   826  1078   597   758   615   685  1251
5040    2000   807   586  1367  1681   912  1038   910  1982  2242  1780
5040    2010   823   567   575 -9999
5600    1950    99  1572  1801   715   911   553   889   354   223   309
5600    1960   386   388  1072   419  1689   516   741   455  1186  1442
5600    1970   930   502  1245  1260  1139   914  1325  1008   532   886
5600    1980  1235   971  1234  1553  1427  1309   785   816  1229   699
5600    1990  1618  1520   721  1045   856   952  1205  1363  1650  1237
5600    2000   667  1142  1207   698  1423  1047  1738   634  1302   762
5600    2010  1300  1078  1522 -9999
5065    1951  2080  1574   742   987  1734  1443  1479   598   676
5065    1960   522   718  1650   918   536   851  1717   638  1077  1258
5065    1970  1699  1284  1457  2316  1219  2120  2025  2506  2749   826
5065    1980  1167  1492  1781  1746  2533  2633  3170  2357  1608  4169
5065    1990  3061  2822  2664  3993  3649  1902  2921  2252  3520  2318
5065    2000  2506  2752  1904  2251  2272  2729   919  3869  2222  1612
5065    2010  1574  2122  2407 -9999
5592    1901    28   390   655   572   563   917  1054   589   643
5592    1910   614   439   429   404   616   515   466   431   599   600
5592    1920   377   186   526   985  1179  1320  1311  1193  2643  1904
5592    1930  1338  1383  1011  2088  1683  1421  1951  2391  1253  2757
5592    1940  2368  1736  2295  1802  1813  1603  1492  2453  1988  1967
5592    1950  1333  1496  1411  1604  1273  1463  1109  1543  1113  1434
5592    1960  2163  1607  1288  1631  1266  1248   985   798   769   844
5592    1970   975   841   887  1169  1459  1103   857  1267   951   953
5592    1980   952   729   662   855  1142   949   953  1298   794  1014
5592    1990   601  1334  1418  1534  1758  1624  1569  1313  1237  1101
5592    2000  1361  1087   984   904   905  1067  1238  1117   842   939
5592    2010  1056   911  1442 -9999
B8A5850 1960   207   658   755  1048   758   584   616   475   713   666
B8A5850 1970   475   681   648   491   486  1098  2265  2672  2345  1638
B8A5850 1980  1965  2575  1760  2029  1962  1850  2173  2097  1748  2197
B8A5850 1990  2274  2144  1338  1966  2088  2460  2220  2699  1125  1554
B8A5850 2000   905  2201  2284  1972  2837  3279  3857  4446  3355  3158
B8A5850 2010  2288  2115  1607 -9999
B8A5848 1939   264
B8A5848 1940  4073  2105   695  1352  1890   931  1032  1864  1082  1250
B8A5848 1950  1372  1442  1482   703  1547   707  1046  1247  1727  1449
B8A5848 1960  2144  1884  1405  1297  1626  1870  2192  2282  1499  1609
B8A5848 1970  1394  1381  1313  1657  1710  2535  1713  1927  1207  1513
B8A5848 1980   941  1039  1177  1340  1389  2087  1365  1519  1970  1456
B8A5848 1990  1486  1397  1359  1582  1525  1267  1236   977  1841   602
B8A5848 2000  1014   952   889   729  1997   700  1740  1966  2592  2410
B8A5848 2010  2338  1111  2842 -9999
