5535    1882   958  1316  1341  1095  1241  1015   923   785
5535    1890   673   758   703   723  1125  1509  1079  1517   815  1108
5535    1900   955  1204   888   955  1226   943  1224  1479  1009  1394
5535    1910  1324  1203   953   530   476   475   540   444   856   762
5535    1920   980   569   922   572  1076  1364  2161  2094  3103  3104
5535    1930  2379  2087  1804  1605  2176  1636  1925  2774  1578  2195
5535    1940  2373  1492  2891  3261   703  1172  1345  2160  1868  2285
5535    1950  3207  3740  3176  2980  2567  2381  3166  2383  2771  3438
5535    1960  3119  3523  3796  2382  2756  2533  2255  1810  2157  2153
5535    1970  2225  2096  2718  1996  2284  1994  2250  2565  2181  2405
5535    1980  1331  1648  1297  1010  1511  1117  1140  1491  1648  1703
5535    1990  2537  1665  1320  1105   774   917  1422  1311  1434   778
5535    2000  1257   653   863   862  1060  1370  1258  1041   560  1068
5535    2010  1065  1001   783 -9999
S5D5298 1979  2941
S5D5298 1980  7437  9214  8362  4831  6316  5474  7421  7199  4537  9878
S5D5298 1990  6655  6593  6457  4804  5341  4957  3929  2214  2105  1872
S5D5298 2000  3687  5357  3519  6296  6552  6402  6299  6400  7213  5647
S5D5298 2010  4230  1957  1106 -9999
